IMG_1606.JPG
[]
     
IMG_1609.JPG
[(b'bed', 0.5353047251701355, (805.359375, 203.25694274902344, 525.987548828125, 295.51666259765625))]
     
IMG_1611.JPG
[(b'chair', 0.9954026341438293, (943.5284423828125, 428.934326171875, 291.6390686035156, 605.4751586914062)), (b'cup', 0.8811039924621582, (491.119873046875, 243.809326171875, 52.43279266357422, 97.11859130859375)), (b'diningtable', 0.7763177156448364, (407.65203857421875, 430.6995544433594, 658.3885498046875, 445.1092834472656)), (b'cup', 0.6839649081230164, (473.1492614746094, 242.66387939453125, 49.12270736694336, 85.8255386352539)), (b'book', 0.5723227858543396, (583.9713134765625, 241.38949584960938, 107.45732116699219, 57.39866256713867))]
     
IMG_1608.JPG
[(b'chair', 0.9956006407737732, (553.7548828125, 355.3699951171875, 226.1276397705078, 370.311279296875)), (b'chair', 0.5971769690513611, (976.0380249023438, 372.0606689453125, 196.01231384277344, 310.0767517089844))]
     
IMG_1607.JPG
[(b'toilet', 0.9088643193244934, (697.3611450195312, 492.2258605957031, 414.17034912109375, 354.52288818359375)), (b'bowl', 0.8370956182479858, (237.98406982421875, 245.98667907714844, 122.6506118774414, 75.63750457763672)), (b'bowl', 0.7578991651535034, (593.11669921875, 236.53993225097656, 179.7473602294922, 121.5046615600586)), (b'bottle', 0.6591828465461731, (520.1181030273438, 390.5050048828125, 42.214134216308594, 129.96983337402344))]
     
IMG_1610.JPG
[]
     
